0.000000000000000000e+00 0.000000000000000000e+00 0.000000000000000000e+00 0.000000000000000000e+00 0.000000000000000000e+00 0.000000000000000000e+00 1.000000000000000000e+00
-9.141609817743301392e-02 -2.724106982350349426e-02 -1.079970388673245907e-03 4.114410839974880219e-03 6.781309843063354492e-02 -4.976473283022642136e-04 9.976893663406372070e-01
-1.661832034587860107e-01 -3.129507601261138916e-02 1.250783726572990417e-02 8.027069270610809326e-03 1.368272602558135986e-01 -6.364623550325632095e-04 9.905624389648437500e-01
-2.552468776702880859e-01 -8.017820864915847778e-02 4.683198779821395874e-02 1.276501081883907318e-02 2.042769044637680054e-01 -1.133088881033472717e-04 9.788302779197692871e-01
-3.140795528888702393e-01 -7.379963994026184082e-02 9.136206656694412231e-02 1.678225025534629822e-02 2.666659653186798096e-01 7.037025643512606621e-04 9.636424183845520020e-01
-3.824929893016815186e-01 -7.270915061235427856e-02 1.471319049596786499e-01 2.030061744153499603e-02 3.321814835071563721e-01 1.619337825104594231e-03 9.429951906204223633e-01
-4.454068243503570557e-01 -7.235586643218994141e-02 2.068876624107360840e-01 2.370787970721721649e-02 3.956088125705718994e-01 3.233403433114290237e-03 9.181076884269714355e-01
-4.938105940818786621e-01 -7.382436841726303101e-02 2.710320949554443359e-01 2.671001292765140533e-02 4.563181102275848389e-01 5.462286062538623810e-03 8.893993496894836426e-01
-5.310792326927185059e-01 -7.836261391639709473e-02 3.438352942466735840e-01 2.942976541817188263e-02 5.177496075630187988e-01 8.157065138220787048e-03 8.549874424934387207e-01
-5.730307102203369141e-01 -7.679834961891174316e-02 4.322955012321472168e-01 3.169351443648338318e-02 5.763658881187438965e-01 1.120015792548656464e-02 8.165009617805480957e-01
-5.857324600219726562e-01 -9.004264324903488159e-02 5.104482173919677734e-01 3.297468647360801697e-02 6.340371966361999512e-01 1.481776405125856400e-02 7.724573016166687012e-01
-5.771165490150451660e-01 -1.040353327989578247e-01 6.015201210975646973e-01 3.356859087944030762e-02 6.888970732688903809e-01 1.901905424892902374e-02 7.238323688507080078e-01
-5.622214674949645996e-01 -1.232251003384590149e-01 6.884761452674865723e-01 3.347969055175781250e-02 7.423533797264099121e-01 2.361353114247322083e-02 6.687560081481933594e-01
-5.213643908500671387e-01 -1.389833837747573853e-01 7.706784009933471680e-01 3.276545554399490356e-02 7.916049361228942871e-01 2.875026687979698181e-02 6.094781160354614258e-01
-4.761930704116821289e-01 -1.516068726778030396e-01 8.523703813552856445e-01 3.100536204874515533e-02 8.374674320220947266e-01 3.418701514601707458e-02 5.445371270179748535e-01
-4.188618361949920654e-01 -1.662374883890151978e-01 9.213547110557556152e-01 2.882672473788261414e-02 8.763812780380249023e-01 3.951937705278396606e-02 4.791287183761596680e-01
-3.760164380073547363e-01 -1.025011949241161346e-02 9.784022569656372070e-01 2.657881751656532288e-02 9.082552194595336914e-01 4.451589658856391907e-02 4.151946604251861572e-01
-3.379856646060943604e-01 -1.329862624406814575e-01 1.022609710693359375e+00 2.374282851815223694e-02 9.342274069786071777e-01 5.005563423037528992e-02 3.523518145084381104e-01
-2.864321172237396240e-01 -2.279812246561050415e-01 1.035564064979553223e+00 2.025932259857654572e-02 9.563887715339660645e-01 5.640958622097969055e-02 2.858823835849761963e-01
-2.022842168807983398e-01 -2.345392107963562012e-01 1.066795706748962402e+00 1.560178864747285843e-02 9.748173356056213379e-01 6.157670170068740845e-02 2.137685269117355347e-01
-1.331274360418319702e-01 -2.422817349433898926e-01 1.096443057060241699e+00 1.033957581967115402e-02 9.870371818542480469e-01 6.633602827787399292e-02 1.457759141921997070e-01
-7.511380314826965332e-02 -2.585992515087127686e-01 1.123482704162597656e+00 4.507554229348897934e-03 9.945847988128662109e-01 7.071361690759658813e-02 7.604290544986724854e-02
-2.404701517662033439e-04 -2.570544183254241943e-01 1.134588956832885742e+00 -2.242065267637372017e-03 9.971364140510559082e-01 7.540002465248107910e-02 5.577947013080120087e-03
6.244061887264251709e-02 -2.606035172939300537e-01 1.139960885047912598e+00 -9.041848592460155487e-03 9.949756264686584473e-01 7.915642112493515015e-02 -6.064139306545257568e-02
1.456222087144851685e-01 -2.472317516803741455e-01 1.136682033538818359e+00 -1.694539189338684082e-02 9.878174066543579102e-01 8.210048824548721313e-02 -1.311078816652297974e-01
2.337547242641448975e-01 -2.293019890785217285e-01 1.123348355293273926e+00 -2.567488327622413635e-02 9.751461148262023926e-01 8.471728861331939697e-02 -2.031126320362091064e-01
2.982617914676666260e-01 -2.212451547384262085e-01 1.096509218215942383e+00 -3.434279561042785645e-02 9.584172368049621582e-01 8.702591061592102051e-02 -2.696010172367095947e-01
3.720115125179290771e-01 -2.152827382087707520e-01 1.060413956642150879e+00 -4.374947026371955872e-02 9.359069466590881348e-01 8.869024366140365601e-02 -3.380800783634185791e-01
4.381132125854492188e-01 -1.998064815998077393e-01 1.020088315010070801e+00 -5.310238525271415710e-02 9.093518853187561035e-01 8.943202346563339233e-02 -4.028179645538330078e-01
4.926582574844360352e-01 -1.860309839248657227e-01 9.685000777244567871e-01 -6.271182000637054443e-02 8.784389495849609375e-01 8.960537612438201904e-02 -4.651701748371124268e-01
5.562787055969238281e-01 -1.751290261745452881e-01 9.050539135932922363e-01 -7.268117368221282959e-02 8.417908549308776855e-01 8.875871449708938599e-02 -5.274723768234252930e-01
5.931588411331176758e-01 -1.624167710542678833e-01 8.404194116592407227e-01 -8.270999789237976074e-02 8.006967306137084961e-01 8.726622164249420166e-02 -5.868805050849914551e-01
6.337507367134094238e-01 -1.463380903005599976e-01 7.628239393234252930e-01 -9.350220859050750732e-02 7.530751824378967285e-01 8.506952971220016479e-02 -6.456758975982666016e-01
6.677207946777343750e-01 -1.251476258039474487e-01 6.797942519187927246e-01 -1.035043746232986450e-01 7.031716704368591309e-01 8.181120455265045166e-02 -6.986730694770812988e-01
6.762256622314453125e-01 -9.912102669477462769e-02 5.923368930816650391e-01 -1.138084828853607178e-01 6.479165554046630859e-01 7.798751443624496460e-02 -7.491125464439392090e-01
6.771799325942993164e-01 -7.536340504884719849e-02 5.126292109489440918e-01 -1.233422681689262390e-01 5.932016968727111816e-01 7.347539067268371582e-02 -7.921484708786010742e-01
6.680478453636169434e-01 -5.238863825798034668e-02 4.346660971641540527e-01 -1.322121322154998779e-01 5.365824699401855469e-01 6.821487098932266235e-02 -8.306294679641723633e-01
6.304675936698913574e-01 -2.669345960021018982e-02 3.634117543697357178e-01 -1.406836211681365967e-01 4.779228270053863525e-01 6.218517944216728210e-02 -8.648300170898437500e-01
5.917766690254211426e-01 -3.305335761979222298e-03 2.933525741100311279e-01 -1.489467173814773560e-01 4.196656942367553711e-01 5.607895553112030029e-02 -8.936169147491455078e-01
5.408671498298645020e-01 2.021935209631919861e-02 2.352176904678344727e-01 -1.562859863042831421e-01 3.627891242504119873e-01 4.954333975911140442e-02 -9.173356890678405762e-01
4.955431818962097168e-01 3.840612620115280151e-02 1.802783906459808350e-01 -1.628825366497039795e-01 3.018565773963928223e-01 4.168626666069030762e-02 -9.384116530418395996e-01
4.256842434406280518e-01 6.267837435007095337e-02 1.324808448553085327e-01 -1.702294796705245972e-01 2.380923777818679810e-01 3.303145989775657654e-02 -9.556383490562438965e-01
3.551405966281890869e-01 8.302810043096542358e-02 9.160516411066055298e-02 -1.760715097188949585e-01 1.747354269027709961e-01 2.397923544049263000e-02 -9.684492349624633789e-01
2.626338303089141846e-01 9.768179059028625488e-02 7.081045210361480713e-02 -1.813236773014068604e-01 1.082526594400405884e-01 1.381361205130815506e-02 -9.773509502410888672e-01
1.803305596113204956e-01 1.101462095975875854e-01 4.198002070188522339e-02 -1.853851526975631714e-01 3.993977978825569153e-02 2.757489448413252831e-03 -9.818512201309204102e-01
9.470704942941665649e-02 1.194519922137260437e-01 4.203616082668304443e-02 -1.893191486597061157e-01 -2.753526531159877777e-02 -8.692393079400062561e-03 -9.814921617507934570e-01
7.383098825812339783e-03 1.144996061921119690e-01 4.454712569713592529e-02 -1.916920840740203857e-01 -9.399390220642089844e-02 -2.031057886779308319e-02 -9.767342805862426758e-01
-8.170165866613388062e-02 1.122255772352218628e-01 6.155287474393844604e-02 -1.940744221210479736e-01 -1.611657589673995972e-01 -3.288021683692932129e-02 -9.671006798744201660e-01
-1.665050238370895386e-01 1.069251522421836853e-01 9.149594604969024658e-02 -1.945051997900009155e-01 -2.280224412679672241e-01 -4.556326940655708313e-02 -9.529429674148559570e-01
-2.452472299337387085e-01 1.025294438004493713e-01 1.371575742959976196e-01 -1.942810416221618652e-01 -2.913149595260620117e-01 -5.808725953102111816e-02 -9.348894357681274414e-01
-3.098836839199066162e-01 8.261878788471221924e-02 1.867846399545669556e-01 -1.919715404510498047e-01 -3.572225570678710938e-01 -7.113726437091827393e-02 -9.113077521324157715e-01
-3.707094490528106689e-01 6.194170191884040833e-02 2.376548200845718384e-01 -1.898325681686401367e-01 -4.188106060028076172e-01 -8.459313213825225830e-02 -8.839729428291320801e-01
-4.155443608760833740e-01 4.575302451848983765e-02 2.909525334835052490e-01 -1.857951432466506958e-01 -4.785365462303161621e-01 -9.793193638324737549e-02 -8.525815010070800781e-01
-4.577279388904571533e-01 1.755207590758800507e-02 3.576335012912750244e-01 -1.801730841398239136e-01 -5.373268723487854004e-01 -1.116395592689514160e-01 -8.163064122200012207e-01
-4.906157255172729492e-01 -1.874348334968090057e-02 4.301164150238037109e-01 -1.734657585620880127e-01 -5.947821140289306641e-01 -1.256207674741744995e-01 -7.748323082923889160e-01
-4.942630529403686523e-01 -5.580972135066986084e-02 5.018435716629028320e-01 -1.654192060232162476e-01 -6.501802206039428711e-01 -1.396856606006622314e-01 -7.282800674438476562e-01
-4.931347370147705078e-01 -9.936972707509994507e-02 5.759781002998352051e-01 -1.558640301227569580e-01 -7.020951509475708008e-01 -1.528387367725372314e-01 -6.777983903884887695e-01
-4.821592867374420166e-01 -1.500555276870727539e-01 6.436837315559387207e-01 -1.445799767971038818e-01 -7.516750693321228027e-01 -1.661006063222885132e-01 -6.216858625411987305e-01
-4.567023813724517822e-01 -2.001058161258697510e-01 7.086459398269653320e-01 -1.325190514326095581e-01 -7.959370613098144531e-01 -1.785997748374938965e-01 -5.630511641502380371e-01
-4.215568006038665771e-01 -2.420439124107360840e-01 7.690790891647338867e-01 -1.183662861585617065e-01 -8.373498916625976562e-01 -1.907710433006286621e-01 -4.984408020973205566e-01
-3.734372854232788086e-01 -2.879272997379302979e-01 8.213486671447753906e-01 -1.036561280488967896e-01 -8.721158504486083984e-01 -2.017448395490646362e-01 -4.335549771785736084e-01
-3.304055035114288330e-01 -3.225762248039245605e-01 8.659820556640625000e-01 -8.850142359733581543e-02 -9.011160135269165039e-01 -2.114692926406860352e-01 -3.680215179920196533e-01
-2.841075360774993896e-01 -3.449406623840332031e-01 9.235742092132568359e-01 -7.282690703868865967e-02 -9.244037270545959473e-01 -2.194748967885971069e-01 -3.033265769481658936e-01
-2.287710458040237427e-01 -3.589339256286621094e-01 9.624803066253662109e-01 -5.632935091853141785e-02 -9.427800774574279785e-01 -2.274388521909713745e-01 -2.372042834758758545e-01
-1.725816577672958374e-01 -3.723852038383483887e-01 1.004038453102111816e+00 -3.881087526679039001e-02 -9.566239118576049805e-01 -2.335270941257476807e-01 -1.697954684495925903e-01
-1.103709340095520020e-01 -3.826345503330230713e-01 1.036264896392822266e+00 -2.199264429509639740e-02 -9.651750922203063965e-01 -2.384643703699111938e-01 -1.053118035197257996e-01
-4.116062074899673462e-02 -3.911342024803161621e-01 1.062824130058288574e+00 -3.230784088373184204e-03 -9.695010185241699219e-01 -2.423823326826095581e-01 -3.620392829179763794e-02
3.316104039549827576e-02 -3.998519182205200195e-01 1.082167506217956543e+00 1.605605147778987885e-02 -9.685710072517395020e-01 -2.459276169538497925e-01 3.369512036442756653e-02
1.008442342281341553e-01 -4.029395580291748047e-01 1.100299715995788574e+00 3.526815772056579590e-02 -9.629931449890136719e-01 -2.474515736103057861e-01 1.008474826812744141e-01
1.908679902553558350e-01 -3.946159780025482178e-01 1.098253369331359863e+00 5.594613030552864075e-02 -9.520956277847290039e-01 -2.467577755451202393e-01 1.717429906129837036e-01
2.654409706592559814e-01 -3.765140473842620850e-01 1.093130469322204590e+00 7.647398114204406738e-02 -9.360187649726867676e-01 -2.456232309341430664e-01 2.401909679174423218e-01
3.246324658393859863e-01 -3.642726540565490723e-01 1.080357432365417480e+00 9.550669044256210327e-02 -9.165651798248291016e-01 -2.435174584388732910e-01 3.024689853191375732e-01
3.900814652442932129e-01 -3.502619564533233643e-01 1.056335330009460449e+00 1.158320084214210510e-01 -8.908947706222534180e-01 -2.397653311491012573e-01 3.679718971252441406e-01
4.668644070625305176e-01 -3.333832919597625732e-01 1.020707488059997559e+00 1.360454559326171875e-01 -8.598942160606384277e-01 -2.335204482078552246e-01 4.330624639987945557e-01
5.336879491806030273e-01 -3.076006472110748291e-01 9.824241995811462402e-01 1.560296267271041870e-01 -8.243424892425537109e-01 -2.263572365045547485e-01 4.948522150516510010e-01
5.917926430702209473e-01 -2.865587770938873291e-01 9.409837722778320312e-01 1.758292466402053833e-01 -7.832331657409667969e-01 -2.169193774461746216e-01 5.554966926574707031e-01
6.569791436195373535e-01 -2.435514032840728760e-01 8.762866258621215820e-01 1.946766823530197144e-01 -7.384725809097290039e-01 -2.064038068056106567e-01 6.116849780082702637e-01
7.061155438423156738e-01 -1.995886713266372681e-01 8.117965459823608398e-01 2.134715169668197632e-01 -6.875903606414794922e-01 -1.940847337245941162e-01 6.663200259208679199e-01
7.368177175521850586e-01 -1.520346254110336304e-01 7.544246315956115723e-01 2.301727235317230225e-01 -6.357213258743286133e-01 -1.808967590332031250e-01 7.142528295516967773e-01
7.703840732574462891e-01 -1.057685390114784241e-01 6.837460398674011230e-01 2.459440380334854126e-01 -5.809215307235717773e-01 -1.667851656675338745e-01 7.577763795852661133e-01
7.782446146011352539e-01 -6.365560740232467651e-02 6.169166564941406250e-01 2.597357332706451416e-01 -5.274099707603454590e-01 -1.528217643499374390e-01 7.943701744079589844e-01
7.645904421806335449e-01 -2.184502407908439636e-02 5.506967306137084961e-01 2.720777988433837891e-01 -4.715539813041687012e-01 -1.374756991863250732e-01 8.274737596511840820e-01
7.418211698532104492e-01 2.117753028869628906e-02 4.864662289619445801e-01 2.830769717693328857e-01 -4.142896831035614014e-01 -1.214640662074089050e-01 8.564341664314270020e-01
7.088156938552856445e-01 7.114182412624359131e-02 4.286625385284423828e-01 2.933693528175354004e-01 -3.581499159336090088e-01 -1.057059466838836670e-01 8.800522089004516602e-01
3.832763731479644775e-01 2.699573636054992676e-01 2.154061794281005859e-01 3.264607191085815430e-01 -5.137218162417411804e-02 -1.188350375741720200e-02 9.437396526336669922e-01
3.049635589122772217e-01 2.879598438739776611e-01 2.000706940889358521e-01 3.285253942012786865e-01 1.369311567395925522e-02 9.150999598205089569e-03 9.443523883819580078e-01
