0.000000000000000000e+00 0.000000000000000000e+00 0.000000000000000000e+00 0.000000000000000000e+00 0.000000000000000000e+00 0.000000000000000000e+00 1.000000000000000000e+00
-1.345578134059906006e-01 -9.739778935909271240e-03 5.561414174735546112e-03 2.159238356398418546e-04 4.938106983900070190e-02 4.010259732604026794e-02 9.979740381240844727e-01
-2.624422609806060791e-01 -1.748911105096340179e-02 6.219757255166769028e-03 2.600647741928696632e-03 8.436828106641769409e-02 6.858681142330169678e-02 9.940683841705322266e-01
-4.037705063819885254e-01 -3.740571066737174988e-02 1.438511535525321960e-02 5.854004528373479843e-03 1.242081448435783386e-01 1.020791903138160706e-01 9.869742989540100098e-01
-5.266997814178466797e-01 -6.592240929603576660e-02 2.809081226587295532e-02 1.067212875932455063e-02 1.653136610984802246e-01 1.366211920976638794e-01 9.766743779182434082e-01
-6.518943309783935547e-01 -9.840545058250427246e-02 5.771502479910850525e-02 1.550412178039550781e-02 2.088831216096878052e-01 1.755257695913314819e-01 9.619343876838684082e-01
-7.756642699241638184e-01 -1.463129818439483643e-01 9.721169620752334595e-02 2.088963054120540619e-02 2.523571252822875977e-01 2.157009243965148926e-01 9.430549740791320801e-01
-8.808189630508422852e-01 -2.127030342817306519e-01 1.527734100818634033e-01 2.617592737078666687e-02 2.962781488895416260e-01 2.574668526649475098e-01 9.193724393844604492e-01
-9.837057590484619141e-01 -2.894336879253387451e-01 2.229716926813125610e-01 3.122106380760669708e-02 3.411779105663299561e-01 3.009584546089172363e-01 8.899704813957214355e-01
-1.071570992469787598e+00 -3.868544399738311768e-01 3.070848882198333740e-01 3.487117215991020203e-02 3.871811032295227051e-01 3.464201688766479492e-01 8.537372350692749023e-01
-1.130909681320190430e+00 -5.014368891716003418e-01 4.062990844249725342e-01 3.675645217299461365e-02 4.325760900974273682e-01 3.917900919914245605e-01 8.111889362335205078e-01
-1.167401313781738281e+00 -6.287858486175537109e-01 5.184186100959777832e-01 3.671782091259956360e-02 4.765671491622924805e-01 4.354223310947418213e-01 7.628526687622070312e-01
-1.181439161300659180e+00 -7.681370973587036133e-01 6.479398608207702637e-01 3.438436612486839294e-02 5.198486447334289551e-01 4.772167503833770752e-01 7.077002525329589844e-01
-1.163491845130920410e+00 -9.068134427070617676e-01 7.756039500236511230e-01 3.044029884040355682e-02 5.593695640563964844e-01 5.135751366615295410e-01 6.499391794204711914e-01
-1.093101620674133301e+00 -1.049936413764953613e+00 9.139639735221862793e-01 2.496212907135486603e-02 5.981103181838989258e-01 5.471070408821105957e-01 5.850771665573120117e-01
-1.027594327926635742e+00 -1.172009587287902832e+00 1.048402547836303711e+00 1.877250894904136658e-02 6.317196488380432129e-01 5.731957554817199707e-01 5.215613842010498047e-01
-9.433909654617309570e-01 -1.277830719947814941e+00 1.176978588104248047e+00 1.265867054462432861e-02 6.614386439323425293e-01 5.932577252388000488e-01 4.586790502071380615e-01
-8.369345068931579590e-01 -1.362525701522827148e+00 1.305002212524414062e+00 6.862656213343143463e-03 6.876462697982788086e-01 6.084967255592346191e-01 3.960173428058624268e-01
-7.289578318595886230e-01 -1.435285449028015137e+00 1.415529370307922363e+00 1.665406161919236183e-03 7.098695635795593262e-01 6.194024085998535156e-01 3.352993428707122803e-01
-6.123038530349731445e-01 -1.492864608764648438e+00 1.525989413261413574e+00 -2.445577643811702728e-03 7.288307547569274902e-01 6.270049810409545898e-01 2.750739157199859619e-01
-4.912317395210266113e-01 -1.535879850387573242e+00 1.611909389495849609e+00 -5.523614585399627686e-03 7.441298961639404297e-01 6.315435171127319336e-01 2.177046239376068115e-01
-3.846546709537506104e-01 -1.566340804100036621e+00 1.685143947601318359e+00 -7.601971272379159927e-03 7.558582425117492676e-01 6.340686678886413574e-01 1.630252450704574585e-01
-2.749787867069244385e-01 -1.593963861465454102e+00 1.748851895332336426e+00 -8.852171711623668671e-03 7.645362019538879395e-01 6.350234746932983398e-01 1.102387458086013794e-01
-1.754324287176132202e-01 -1.612168550491333008e+00 1.796504974365234375e+00 -9.452420286834239960e-03 7.703168392181396484e-01 6.349945068359375000e-01 5.749254301190376282e-02
-4.916907846927642822e-02 -1.615744709968566895e+00 1.828188896179199219e+00 -9.641968645155429840e-03 7.730201482772827148e-01 6.342999339103698730e-01 3.434387966990470886e-03
6.597256660461425781e-02 -1.625845789909362793e+00 1.835019230842590332e+00 -9.746352210640907288e-03 7.728016376495361328e-01 6.327821016311645508e-01 -4.766441136598587036e-02
1.563489288091659546e-01 -1.629765868186950684e+00 1.824963212013244629e+00 -1.027244236320257187e-02 7.697229385375976562e-01 6.309787034988403320e-01 -9.638200700283050537e-02
2.798705995082855225e-01 -1.621576786041259766e+00 1.796553969383239746e+00 -1.109885890036821365e-02 7.638580799102783203e-01 6.283794641494750977e-01 -1.467620283365249634e-01
3.906947374343872070e-01 -1.608903408050537109e+00 1.757290482521057129e+00 -1.227912493050098419e-02 7.550652027130126953e-01 6.249718070030212402e-01 -1.978358030319213867e-01
5.047209262847900391e-01 -1.583242297172546387e+00 1.700559020042419434e+00 -1.429712306708097458e-02 7.430531978607177734e-01 6.204265356063842773e-01 -2.504794597625732422e-01
6.149289608001708984e-01 -1.550255417823791504e+00 1.625297904014587402e+00 -1.672912761569023132e-02 7.281112074851989746e-01 6.144134998321533203e-01 -3.034344911575317383e-01
7.189494371414184570e-01 -1.505298137664794922e+00 1.534176349639892578e+00 -1.980310864746570587e-02 7.098297476768493652e-01 6.064026951789855957e-01 -3.578079640865325928e-01
8.318420648574829102e-01 -1.449853777885437012e+00 1.428728938102722168e+00 -2.346650883555412292e-02 6.875570416450500488e-01 5.951873064041137695e-01 -4.152922332286834717e-01
9.304126501083374023e-01 -1.379505515098571777e+00 1.310029029846191406e+00 -2.755248360335826874e-02 6.613230109214782715e-01 5.804043412208557129e-01 -4.743679463863372803e-01
1.024697542190551758e+00 -1.295146226882934570e+00 1.186294078826904297e+00 -3.238315507769584656e-02 6.317493319511413574e-01 5.616729259490966797e-01 -5.332623720169067383e-01
1.115177989006042480e+00 -1.191579222679138184e+00 1.055036067962646484e+00 -3.743799030780792236e-02 5.981432795524597168e-01 5.378783941268920898e-01 -5.928832292556762695e-01
1.180145978927612305e+00 -1.077193737030029297e+00 9.254276752471923828e-01 -4.199302196502685547e-02 5.614301562309265137e-01 5.092943906784057617e-01 -6.508861184120178223e-01
1.227606296539306641e+00 -9.513046741485595703e-01 7.894608378410339355e-01 -4.570256173610687256e-02 5.209293365478515625e-01 4.753723144531250000e-01 -7.075073719024658203e-01
1.243012666702270508e+00 -8.194984793663024902e-01 6.624853014945983887e-01 -4.795971512794494629e-02 4.787191748619079590e-01 4.372048676013946533e-01 -7.598555684089660645e-01
1.235781908035278320e+00 -6.989766955375671387e-01 5.428563356399536133e-01 -4.836134612560272217e-02 4.356560111045837402e-01 3.966173827648162842e-01 -8.065730333328247070e-01
1.197715997695922852e+00 -5.870549082756042480e-01 4.339209496974945068e-01 -4.655221849679946899e-02 3.918462693691253662e-01 3.541969358921051025e-01 -8.478409051895141602e-01
1.131523251533508301e+00 -4.861313402652740479e-01 3.370732963085174561e-01 -4.295969381928443909e-02 3.459318578243255615e-01 3.098292648792266846e-01 -8.845865130424499512e-01
1.054960608482360840e+00 -3.980500996112823486e-01 2.531649172306060791e-01 -3.752903267741203308e-02 2.986398637294769287e-01 2.646251022815704346e-01 -9.161772727966308594e-01
9.591118693351745605e-01 -3.261498510837554932e-01 1.841489672660827637e-01 -3.131823986768722534e-02 2.534507811069488525e-01 2.218268066644668579e-01 -9.410508871078491211e-01
8.518822789192199707e-01 -2.744414508342742920e-01 1.329464912414550781e-01 -2.446939982473850250e-02 2.099076956510543823e-01 1.817796975374221802e-01 -9.603635668754577637e-01
7.482137084007263184e-01 -2.317684292793273926e-01 9.253590553998947144e-02 -1.799462176859378815e-02 1.680550724267959595e-01 1.438471525907516479e-01 -9.750610589981079102e-01
6.321307420730590820e-01 -2.034710198640823364e-01 6.557758152484893799e-02 -1.223521959036588669e-02 1.272418051958084106e-01 1.081211641430854797e-01 -9.858861565589904785e-01
4.959174692630767822e-01 -1.908559203147888184e-01 4.315386340022087097e-02 -7.348043378442525864e-03 8.855188637971878052e-02 7.500726729631423950e-02 -9.932174086570739746e-01
3.927107751369476318e-01 -1.772316098213195801e-01 2.018425054848194122e-02 -3.671776503324508667e-03 5.137015506625175476e-02 4.413015022873878479e-02 -9.976992011070251465e-01
2.700242400169372559e-01 -1.624611616134643555e-01 7.022471167147159576e-03 -1.255643670447170734e-03 1.280047558248043060e-02 1.226978190243244171e-02 -9.998434185981750488e-01
1.485624313354492188e-01 -1.553029417991638184e-01 -4.354133736342191696e-03 -1.765162742231041193e-04 -2.642044983804225922e-02 -1.975604705512523651e-02 -9.994571805000305176e-01
