0.000000000000000000e+00 0.000000000000000000e+00 0.000000000000000000e+00 0.000000000000000000e+00 0.000000000000000000e+00 0.000000000000000000e+00 1.000000000000000000e+00
-6.159731000661849976e-02 1.323915552347898483e-02 2.059020288288593292e-02 1.094588823616504669e-02 3.942304477095603943e-02 -9.273282252252101898e-03 9.991196990013122559e-01
-9.378914535045623779e-02 1.793289743363857269e-02 3.210688382387161255e-02 1.310961320996284485e-02 3.260790556669235229e-02 -3.426489885896444321e-03 9.993764758110046387e-01
-1.245544701814651489e-01 2.674033865332603455e-02 4.505306482315063477e-02 1.444028038531541824e-02 3.140272945165634155e-02 -3.002991899847984314e-03 9.993997216224670410e-01
-1.603443175554275513e-01 5.145619064569473267e-02 9.753991663455963135e-02 2.360317483544349670e-02 1.200591325759887695e-01 -4.383067041635513306e-02 9.915177226066589355e-01
-1.910773366689682007e-01 5.179470404982566833e-02 1.018427535891532898e-01 2.801215834915637970e-02 9.146469831466674805e-02 -3.095333278179168701e-02 9.949338436126708984e-01
-2.226436138153076172e-01 5.764003470540046692e-02 9.963148832321166992e-02 1.694465801119804382e-02 6.720174103975296021e-02 -2.324042096734046936e-02 9.973264932632446289e-01
-2.435888499021530151e-01 6.686559319496154785e-02 1.098384186625480652e-01 2.237447723746299744e-02 7.094956934452056885e-02 -3.460579738020896912e-02 9.966284632682800293e-01
-2.557469010353088379e-01 6.254905462265014648e-02 1.268069744110107422e-01 3.824919089674949646e-02 8.276827633380889893e-02 -2.589783072471618652e-02 9.954977631568908691e-01
-2.587073147296905518e-01 8.058924227952957153e-02 1.739580035209655762e-01 3.916451334953308105e-02 1.459276676177978516e-01 -4.951924830675125122e-02 9.872784614562988281e-01
-3.016344904899597168e-01 8.418701589107513428e-02 1.650570183992385864e-01 4.509172216057777405e-02 1.093666106462478638e-01 -4.792600125074386597e-02 9.918209314346313477e-01
-3.327127993106842041e-01 8.245697617530822754e-02 1.882183402776718140e-01 1.456358283758163452e-02 1.245413422584533691e-01 -2.989218011498451233e-02 9.916568994522094727e-01
-3.343566060066223145e-01 8.177121728658676147e-02 2.055258750915527344e-01 6.643360853195190430e-02 1.283987313508987427e-01 -5.125891417264938354e-02 9.881660938262939453e-01
-3.035605251789093018e-01 1.085562855005264282e-01 2.877362370491027832e-01 3.614928573369979858e-02 2.180416435003280640e-01 -8.712938427925109863e-02 9.713695645332336426e-01
-3.185121715068817139e-01 1.082731708884239197e-01 2.803796827793121338e-01 5.190900340676307678e-02 1.919745504856109619e-01 -9.225610643625259399e-02 9.756739139556884766e-01
-3.305340111255645752e-01 1.130900382995605469e-01 3.336311280727386475e-01 3.103075362741947174e-02 2.309651672840118408e-01 -8.861787617206573486e-02 9.684206843376159668e-01
-3.666177093982696533e-01 7.228844612836837769e-02 3.103153109550476074e-01 7.635985314846038818e-02 1.839121729135513306e-01 -6.386476010084152222e-02 9.778884053230285645e-01
-3.492609262466430664e-01 1.224922239780426025e-01 3.647849857807159424e-01 4.259154573082923889e-02 2.324051260948181152e-01 -1.015106886625289917e-01 9.663695096969604492e-01
-3.927139043807983398e-01 1.248511597514152527e-01 3.476280570030212402e-01 4.839333519339561462e-02 2.094624787569046021e-01 -1.041109785437583923e-01 9.710538387298583984e-01
-3.951487839221954346e-01 1.439235210418701172e-01 3.719967305660247803e-01 5.842677131295204163e-02 2.308819293975830078e-01 -1.290381252765655518e-01 9.626153707504272461e-01
-3.898467123508453369e-01 1.272057890892028809e-01 4.020891785621643066e-01 5.670863762497901917e-02 2.712818980216979980e-01 -1.159601882100105286e-01 9.538047909736633301e-01
-4.493418037891387939e-01 1.055636033415794373e-01 3.757086992263793945e-01 6.153237074613571167e-02 2.385787516832351685e-01 -8.997862786054611206e-02 9.649856686592102051e-01
-4.233335852622985840e-01 1.263272613286972046e-01 4.188424646854400635e-01 6.750269234180450439e-02 2.867519855499267578e-01 -1.185678243637084961e-01 9.482392668724060059e-01
-4.416724741458892822e-01 1.222746297717094421e-01 4.210587739944458008e-01 7.241587340831756592e-02 2.921387851238250732e-01 -1.185164451599121094e-01 9.462370276451110840e-01
-4.701418280601501465e-01 1.135619431734085083e-01 4.180613160133361816e-01 7.821336388587951660e-02 2.898360788822174072e-01 -1.131622120738029480e-01 9.471389055252075195e-01
-4.346197545528411865e-01 1.537343859672546387e-01 4.654219448566436768e-01 7.500235736370086670e-02 3.350481092929840088e-01 -1.529640257358551025e-01 9.266716837882995605e-01
-5.010068416595458984e-01 1.311393380165100098e-01 4.355476796627044678e-01 6.661745905876159668e-02 3.038774132728576660e-01 -1.230115219950675964e-01 9.423844814300537109e-01
-4.621262252330780029e-01 1.215435788035392761e-01 5.084233880043029785e-01 7.419037818908691406e-02 3.654922246932983398e-01 -1.237617060542106628e-01 9.195613861083984375e-01
-5.053086876869201660e-01 1.240298897027969360e-01 4.853791594505310059e-01 6.296585500240325928e-02 3.499967157840728760e-01 -1.195379272103309631e-01 9.269559979438781738e-01
-5.346138477325439453e-01 1.218300387263298035e-01 4.748500585556030273e-01 6.633612513542175293e-02 3.468940258026123047e-01 -1.215270087122917175e-01 9.276285767555236816e-01
-5.572665333747863770e-01 1.267937570810317993e-01 4.796346426010131836e-01 6.870370358228683472e-02 3.524048030376434326e-01 -1.270714700222015381e-01 9.246314764022827148e-01
-5.644714236259460449e-01 1.496744453907012939e-01 5.005852580070495605e-01 7.322631031274795532e-02 3.696346580982208252e-01 -1.469504237174987793e-01 9.145560860633850098e-01
-5.675653815269470215e-01 1.617000848054885864e-01 5.284897089004516602e-01 8.012799918651580811e-02 3.914918005466461182e-01 -1.600598990917205811e-01 9.026034474372863770e-01
-5.999312996864318848e-01 1.291354596614837646e-01 5.297563076019287109e-01 7.228522002696990967e-02 3.966678380966186523e-01 -1.368756145238876343e-01 9.048173427581787109e-01
-6.078986525535583496e-01 1.469718068838119507e-01 5.498336553573608398e-01 7.526382058858871460e-02 4.115825295448303223e-01 -1.511830985546112061e-01 8.955887556076049805e-01
-6.336723566055297852e-01 1.527482569217681885e-01 5.581701993942260742e-01 7.537732273340225220e-02 4.157178699970245361e-01 -1.545166671276092529e-01 8.930965662002563477e-01
-6.415795087814331055e-01 1.768338382244110107e-01 5.834563970565795898e-01 6.584122776985168457e-02 4.305459558963775635e-01 -1.672970503568649292e-01 8.844806551933288574e-01
-6.379099488258361816e-01 1.858672499656677246e-01 6.163075566291809082e-01 6.927827745676040649e-02 4.536166787147521973e-01 -1.765886694192886353e-01 8.707752227783203125e-01
-6.373391747474670410e-01 1.985366642475128174e-01 6.496409177780151367e-01 6.787058711051940918e-02 4.741598665714263916e-01 -1.853471100330352783e-01 8.580275177955627441e-01
-6.570562124252319336e-01 1.823943257331848145e-01 6.759253740310668945e-01 6.680769473314285278e-02 4.881320595741271973e-01 -1.768242716789245605e-01 8.520534634590148926e-01
-6.819506883621215820e-01 1.702004224061965942e-01 6.861593127250671387e-01 6.347260624170303345e-02 4.951832294464111328e-01 -1.704796552658081055e-01 8.495300412178039551e-01
-7.167699337005615234e-01 1.810359209775924683e-01 6.884948611259460449e-01 6.694402545690536499e-02 4.931476712226867676e-01 -1.764434128999710083e-01 8.492299318313598633e-01
-7.100738883018493652e-01 1.991275995969772339e-01 7.294876575469970703e-01 7.148452103137969971e-02 5.128706097602844238e-01 -1.885482072830200195e-01 8.344477415084838867e-01
-7.091067433357238770e-01 1.841061562299728394e-01 7.664751410484313965e-01 5.918847396969795227e-02 5.332396030426025391e-01 -1.799599230289459229e-01 8.244789838790893555e-01
-7.461518049240112305e-01 2.132631838321685791e-01 7.659277319908142090e-01 7.349695265293121338e-02 5.257639884948730469e-01 -1.955833286046981812e-01 8.245697021484375000e-01
-7.164497375488281250e-01 2.200839966535568237e-01 8.273477554321289062e-01 7.972773164510726929e-02 5.570557117462158203e-01 -2.042945474386215210e-01 8.009966015815734863e-01
-6.644007563591003418e-01 2.238389998674392700e-01 9.017522335052490234e-01 7.909580320119857788e-02 5.950633883476257324e-01 -2.114651948213577271e-01 7.713139057159423828e-01
-6.603469252586364746e-01 2.174827903509140015e-01 9.327283501625061035e-01 7.051965594291687012e-02 6.112371087074279785e-01 -2.088584005832672119e-01 7.601275444030761719e-01
-6.792583465576171875e-01 2.382723242044448853e-01 9.387478232383728027e-01 7.931451499462127686e-02 6.129248142242431641e-01 -2.208484709262847900e-01 7.544909119606018066e-01
-6.849399209022521973e-01 2.442911118268966675e-01 9.552699327468872070e-01 7.923487573862075806e-02 6.242402195930480957e-01 -2.262292504310607910e-01 7.435493469238281250e-01
-7.267401218414306641e-01 2.284827977418899536e-01 9.479099512100219727e-01 7.954897731542587280e-02 6.261013746261596680e-01 -2.213937789201736450e-01 7.434066534042358398e-01
-6.734107136726379395e-01 2.251118719577789307e-01 9.976406693458557129e-01 5.970730632543563843e-02 6.590847373008728027e-01 -2.229528874158859253e-01 7.157750129699707031e-01
-7.235331535339355469e-01 2.068748921155929565e-01 9.741833806037902832e-01 5.944970995187759399e-02 6.557809114456176758e-01 -2.180624753236770630e-01 7.203236818313598633e-01
-7.314824461936950684e-01 2.454171478748321533e-01 9.631642103195190430e-01 6.399080902338027954e-02 6.621935367584228516e-01 -2.336894124746322632e-01 7.090781927108764648e-01
-7.412155866622924805e-01 2.450923174619674683e-01 9.566427469253540039e-01 6.494565308094024658e-02 6.695082187652587891e-01 -2.334834039211273193e-01 7.021574378013610840e-01
-6.559736132621765137e-01 3.174013495445251465e-01 9.979742169380187988e-01 7.641636580228805542e-02 6.982453465461730957e-01 -2.670346796512603760e-01 6.597761511802673340e-01
-5.951294898986816406e-01 3.578531742095947266e-01 1.022342801094055176e+00 7.880696654319763184e-02 7.170009016990661621e-01 -2.871895730495452881e-01 6.302530765533447266e-01
-6.065676808357238770e-01 3.265010714530944824e-01 1.018715023994445801e+00 4.926266521215438843e-02 7.299725413322448730e-01 -2.737549841403961182e-01 6.243160963058471680e-01
-6.548547148704528809e-01 3.633582293987274170e-01 9.837884306907653809e-01 7.412304729223251343e-02 7.189102768898010254e-01 -2.934488058090209961e-01 6.257479786872863770e-01
-5.985872149467468262e-01 4.043744206428527832e-01 1.025339841842651367e+00 7.148272544145584106e-02 7.386199831962585449e-01 -3.137392997741699219e-01 5.923654437065124512e-01
-5.845996141433715820e-01 4.282237887382507324e-01 1.039018750190734863e+00 7.397802174091339111e-02 7.478498816490173340e-01 -3.263291418552398682e-01 5.733714103698730469e-01
-5.262913107872009277e-01 4.468920826911926270e-01 1.079462170600891113e+00 7.954485714435577393e-02 7.676033973693847656e-01 -3.384808003902435303e-01 5.384114384651184082e-01
-4.402218163013458252e-01 4.450780153274536133e-01 1.123899459838867188e+00 8.036458492279052734e-02 7.937476634979248047e-01 -3.443379998207092285e-01 4.949107170104980469e-01
-5.602462887763977051e-01 4.163911938667297363e-01 1.081647396087646484e+00 5.510429292917251587e-02 7.939431071281433105e-01 -3.332208096981048584e-01 5.055494904518127441e-01
-4.691218137741088867e-01 4.814642667770385742e-01 1.103041529655456543e+00 7.812196016311645508e-02 8.118948936462402344e-01 -3.685034215450286865e-01 4.460125267505645752e-01
-5.272554159164428711e-01 4.620969891548156738e-01 1.095352172851562500e+00 6.783857941627502441e-02 8.117921948432922363e-01 -3.597896099090576172e-01 4.549071192741394043e-01
-5.081863403320312500e-01 5.043445229530334473e-01 1.106377005577087402e+00 9.231989830732345581e-02 8.123176097869873047e-01 -3.765606880187988281e-01 4.356805980205535889e-01
-4.208400249481201172e-01 4.949644505977630615e-01 1.158116936683654785e+00 6.147757917642593384e-02 8.371674418449401855e-01 -3.759924769401550293e-01 3.924250304698944092e-01
-4.326289296150207520e-01 5.110892057418823242e-01 1.156131386756896973e+00 5.985898151993751526e-02 8.378096818923950195e-01 -3.824289739131927490e-01 3.850174844264984131e-01
-4.434159994125366211e-01 5.263369679450988770e-01 1.148254036903381348e+00 6.475406885147094727e-02 8.369860053062438965e-01 -3.892549574375152588e-01 3.791321814060211182e-01
-4.702590107917785645e-01 5.229555964469909668e-01 1.149412512779235840e+00 6.477275490760803223e-02 8.395388126373291016e-01 -3.882118463516235352e-01 3.745270073413848877e-01
-4.248153567314147949e-01 5.244156718254089355e-01 1.175027370452880859e+00 5.362792313098907471e-02 8.515002727508544922e-01 -3.907399475574493408e-01 3.455346524715423584e-01
-4.408786594867706299e-01 5.224018096923828125e-01 1.172768592834472656e+00 5.837923288345336914e-02 8.537523150444030762e-01 -3.914485871791839600e-01 3.383270502090454102e-01
-3.509862720966339111e-01 5.450851321220397949e-01 1.206503868103027344e+00 6.845960766077041626e-02 8.651747107505798340e-01 -4.017309546470642090e-01 2.922274768352508545e-01
-2.369517683982849121e-01 5.576068758964538574e-01 1.230988621711730957e+00 4.488782212138175964e-02 8.791925311088562012e-01 -4.099025130271911621e-01 2.387141585350036621e-01
-3.224027752876281738e-01 5.605807304382324219e-01 1.217024207115173340e+00 4.413864761590957642e-02 8.742411136627197266e-01 -4.098033308982849121e-01 2.565425932407379150e-01
-4.079390466213226318e-01 5.320466756820678711e-01 1.212477684020996094e+00 2.262046560645103455e-02 8.743888735771179199e-01 -4.001503884792327881e-01 2.735156416893005371e-01
-1.748062670230865479e-01 5.684664845466613770e-01 1.256380200386047363e+00 4.503557831048965454e-02 8.905400633811950684e-01 -4.172374010086059570e-01 1.755643486976623535e-01
-1.325930655002593994e-01 5.887725949287414551e-01 1.257451415061950684e+00 5.416338890790939331e-02 8.906011581420898438e-01 -4.263760149478912354e-01 1.486568599939346313e-01
-1.149720549583435059e-01 5.847424268722534180e-01 1.266379356384277344e+00 4.797379672527313232e-02 8.943462967872619629e-01 -4.254243373870849609e-01 1.298297792673110962e-01
-9.910906851291656494e-02 5.740008950233459473e-01 1.277453780174255371e+00 3.386511281132698059e-02 8.990906476974487305e-01 -4.215814173221588135e-01 1.129523515701293945e-01
-3.334530442953109741e-02 5.763776302337646484e-01 1.282012581825256348e+00 4.167524725198745728e-02 9.012515544891357422e-01 -4.241662025451660156e-01 7.803668081760406494e-02
2.302698232233524323e-02 5.839185118675231934e-01 1.275179028511047363e+00 4.560349881649017334e-02 9.009763002395629883e-01 -4.291554689407348633e-01 4.457533359527587891e-02
5.687999725341796875e-02 5.713258385658264160e-01 1.275549173355102539e+00 4.767011851072311401e-02 9.029380679130554199e-01 -4.267575144767761230e-01 1.755036041140556335e-02
1.671770513057708740e-01 5.606693625450134277e-01 1.262717962265014648e+00 4.237418994307518005e-02 9.028731584548950195e-01 -4.263494312763214111e-01 -3.535086661577224731e-02
2.517665028572082520e-01 5.755088925361633301e-01 1.229105830192565918e+00 3.379217162728309631e-02 8.962968587875366211e-01 -4.349122941493988037e-01 -7.975616306066513062e-02
2.051381468772888184e-01 5.716033577919006348e-01 1.222846627235412598e+00 2.540578320622444153e-02 8.971589207649230957e-01 -4.341884255409240723e-01 -7.707586884498596191e-02
2.496985197067260742e-01 5.775380134582519531e-01 1.187095999717712402e+00 3.338827937841415405e-02 8.903023600578308105e-01 -4.410868585109710693e-01 -1.081195548176765442e-01
2.417393922805786133e-01 5.718582272529602051e-01 1.168113231658935547e+00 5.182667449116706848e-02 8.872949481010437012e-01 -4.427644908428192139e-01 -1.182412356138229370e-01
3.022723495960235596e-01 5.672272443771362305e-01 1.126870393753051758e+00 5.298124626278877258e-02 8.796956539154052734e-01 -4.465232789516448975e-01 -1.547438204288482666e-01
2.894999682903289795e-01 5.758568048477172852e-01 1.090285778045654297e+00 4.823436588048934937e-02 8.744800686836242676e-01 -4.543045759201049805e-01 -1.629890203475952148e-01
4.566220641136169434e-01 5.364067554473876953e-01 1.013406515121459961e+00 6.554200500249862671e-02 8.553733229637145996e-01 -4.514050185680389404e-01 -2.455075830221176147e-01
4.830229282379150391e-01 5.427391529083251953e-01 9.546229839324951172e-01 5.687780678272247314e-02 8.429657220840454102e-01 -4.606941342353820801e-01 -2.719074487686157227e-01
5.236377120018005371e-01 5.674826502799987793e-01 8.808812499046325684e-01 6.584958732128143311e-02 8.218028545379638672e-01 -4.795561432838439941e-01 -3.005474209785461426e-01
6.395229101181030273e-01 4.833256304264068604e-01 7.635119557380676270e-01 8.856851607561111450e-02 7.904258370399475098e-01 -4.667055606842041016e-01 -3.867397606372833252e-01
6.634145975112915039e-01 4.561104774475097656e-01 6.579232811927795410e-01 9.054864943027496338e-02 7.595478892326354980e-01 -4.707136452198028564e-01 -4.396771490573883057e-01
6.892243623733520508e-01 3.707094192504882812e-01 5.783302187919616699e-01 1.254195719957351685e-01 7.301961779594421387e-01 -4.503851532936096191e-01 -4.982335567474365234e-01
7.120064496994018555e-01 3.086943030357360840e-01 3.331879973411560059e-01 8.989509195089340210e-02 6.186394691467285156e-01 -4.359464049339294434e-01 -6.474210023880004883e-01
7.561988234519958496e-01 2.257663160562515259e-01 2.648472487926483154e-01 1.021826118230819702e-01 5.780922174453735352e-01 -3.990243971347808838e-01 -7.043772935867309570e-01
7.834022045135498047e-01 4.014653153717517853e-03 1.489963829517364502e-01 1.384387016296386719e-01 4.946767091751098633e-01 -2.853107750415802002e-01 -8.091518878936767578e-01
7.718968987464904785e-01 3.253816813230514526e-02 1.561591923236846924e-01 1.086868941783905029e-01 5.023130774497985840e-01 -2.862598299980163574e-01 -8.086556196212768555e-01
7.490620613098144531e-01 1.170650348067283630e-01 2.159846127033233643e-01 1.005178689956665039e-01 5.363666415214538574e-01 -3.282713592052459717e-01 -7.710020542144775391e-01
7.652316689491271973e-01 3.720181062817573547e-02 1.241108104586601257e-01 1.040366068482398987e-01 4.804507493972778320e-01 -2.883673608303070068e-01 -8.216971755027770996e-01
7.333787679672241211e-01 6.680131703615188599e-02 1.511957198381423950e-01 9.460362792015075684e-02 4.916312396526336670e-01 -2.969381511211395264e-01 -8.131280541419982910e-01
7.081335186958312988e-01 7.182898372411727905e-02 1.123239770531654358e-01 5.875029787421226501e-02 4.517657160758972168e-01 -2.781142294406890869e-01 -8.456411957740783691e-01
6.775353550910949707e-01 9.312411397695541382e-02 1.909548044204711914e-01 7.121893763542175293e-02 4.852371513843536377e-01 -2.815775275230407715e-01 -8.247345089912414551e-01
6.698307991027832031e-01 7.394044101238250732e-02 1.814196258783340454e-01 7.027585804462432861e-02 4.687402248382568359e-01 -2.640966475009918213e-01 -8.399982452392578125e-01
6.731980443000793457e-01 4.554778710007667542e-02 1.259968131780624390e-01 5.402980372309684753e-02 4.226515889167785645e-01 -2.360410094261169434e-01 -8.733451366424560547e-01
6.539111137390136719e-01 6.237503141164779663e-02 1.536613553762435913e-01 5.543566122651100159e-02 4.284649193286895752e-01 -2.406035810708999634e-01 -8.691688776016235352e-01
6.398847103118896484e-01 6.759990751743316650e-02 1.602996289730072021e-01 4.380580410361289978e-02 4.233176112174987793e-01 -2.354911863803863525e-01 -8.737426996231079102e-01
6.164966821670532227e-01 8.092203736305236816e-02 1.705742776393890381e-01 4.375359788537025452e-02 4.187022149562835693e-01 -2.381230890750885010e-01 -8.752551674842834473e-01
5.910743474960327148e-01 5.741109699010848999e-02 1.345528066158294678e-01 3.635182231664657593e-02 3.978118896484375000e-01 -2.230514287948608398e-01 -8.891976475715637207e-01
5.571318864822387695e-01 3.461902216076850891e-02 1.241193637251853943e-01 4.013256356120109558e-02 3.934583663940429688e-01 -2.066118568181991577e-01 -8.949262499809265137e-01
5.254943370819091797e-01 3.891525790095329285e-02 8.140507340431213379e-02 3.425481915473937988e-02 3.634151518344879150e-01 -2.110834121704101562e-01 -9.067525863647460938e-01
4.726450145244598389e-01 4.741148650646209717e-02 1.021593138575553894e-01 3.099657967686653137e-02 3.865448236465454102e-01 -2.189087420701980591e-01 -8.953787684440612793e-01
4.437487125396728516e-01 4.956023767590522766e-03 -8.121912367641925812e-03 2.334993146359920502e-02 2.794242501258850098e-01 -1.801259070634841919e-01 -9.428313374519348145e-01
3.952025473117828369e-01 -3.433302976191043854e-03 -1.481798570603132248e-02 2.255768515169620514e-02 2.750280797481536865e-01 -1.724502295255661011e-01 -9.455755949020385742e-01
3.491053283214569092e-01 -3.081883303821086884e-03 -1.347914524376392365e-02 2.965216338634490967e-02 2.816798090934753418e-01 -1.756336241960525513e-01 -9.428311586380004883e-01
3.025017082691192627e-01 -1.702568680047988892e-02 -3.514635562896728516e-02 3.043394163250923157e-02 2.558291852474212646e-01 -1.605978012084960938e-01 -9.528025984764099121e-01
2.465470135211944580e-01 -5.626160651445388794e-02 -8.855200558900833130e-02 3.947033733129501343e-02 1.682589948177337646e-01 -1.026566624641418457e-01 -9.795882701873779297e-01
2.116276174783706665e-01 -4.480358585715293884e-02 -7.693539559841156006e-02 4.756350070238113403e-02 1.634694486856460571e-01 -1.110030710697174072e-01 -9.791291356086730957e-01
1.840952932834625244e-01 -3.356529399752616882e-02 -6.280037015676498413e-02 4.158876836299896240e-02 1.725019961595535278e-01 -1.225656047463417053e-01 -9.764682650566101074e-01
1.528519988059997559e-01 -4.318129271268844604e-02 -6.397982686758041382e-02 5.273584276437759399e-02 1.536916494369506836e-01 -9.126441180706024170e-02 -9.824817180633544922e-01
1.253061592578887939e-01 -3.828689455986022949e-02 -6.442142277956008911e-02 2.353005111217498779e-02 1.325547397136688232e-01 -7.651348412036895752e-02 -9.879384040832519531e-01
8.742541819810867310e-02 -3.418814018368721008e-02 -6.797630339860916138e-02 2.163650467991828918e-02 1.122254505753517151e-01 -7.374722510576248169e-02 -9.907065629959106445e-01
4.260091856122016907e-02 -3.250216692686080933e-02 -6.601139158010482788e-02 2.155083417892456055e-02 8.883786201477050781e-02 -6.981878727674484253e-02 -9.933631420135498047e-01
-2.566091483458876610e-03 -2.862720564007759094e-02 -6.235223263502120972e-02 1.647878065705299377e-02 8.180001378059387207e-02 -9.661403298377990723e-02 -9.918183684349060059e-01
-4.554144293069839478e-02 -5.956457462161779404e-03 -3.012088313698768616e-02 2.214718051254749298e-02 -5.610805749893188477e-02 4.558764770627021790e-02 -9.971383810043334961e-01
-7.766585797071456909e-02 6.803476251661777496e-03 -5.156886298209428787e-03 2.220432087779045105e-02 -5.488885566592216492e-02 2.458667568862438202e-02 -9.979436993598937988e-01
-1.116377860307693481e-01 2.080417983233928680e-02 1.914209499955177307e-02 2.362572029232978821e-02 -6.190845742821693420e-02 2.325726300477981567e-02 -9.975327849388122559e-01
-1.448928862810134888e-01 3.435934707522392273e-02 4.142864421010017395e-02 2.743185730651021004e-03 -7.265008240938186646e-02 3.505342453718185425e-02 -9.967389702796936035e-01
-1.750321090221405029e-01 4.010844603180885315e-02 5.329188331961631775e-02 4.429036926012486219e-04 -5.973238125443458557e-02 2.246562577784061432e-02 -9.979622960090637207e-01
-2.036562263965606689e-01 5.534282699227333069e-02 7.542489469051361084e-02 -1.033371197991073132e-03 -7.557797431945800781e-02 3.333767503499984741e-02 -9.965825080871582031e-01
-2.330726981163024902e-01 5.813483893871307373e-02 8.900613337755203247e-02 -1.711542345583438873e-02 -7.979469746351242065e-02 3.317240625619888306e-02 -9.961131811141967773e-01
-2.511601746082305908e-01 5.724865198135375977e-02 1.124268919229507446e-01 -3.027259744703769684e-02 -1.046148166060447693e-01 2.814350649714469910e-02 -9.936546087265014648e-01
-2.785831689834594727e-01 5.264246836304664612e-02 1.096870154142379761e-01 -5.735079199075698853e-02 -8.282116800546646118e-02 2.246104739606380463e-02 -9.946603178977966309e-01
-2.762136757373809814e-01 8.697999268770217896e-02 1.508250236511230469e-01 -4.647992551326751709e-03 -1.641952544450759888e-01 6.298743188381195068e-02 -9.844045042991638184e-01
-2.895444929599761963e-01 1.038188710808753967e-01 1.546865105628967285e-01 5.440942943096160889e-03 -1.752199083566665649e-01 8.578399568796157837e-02 -9.807707667350769043e-01
