0.000000000000000000e+00 0.000000000000000000e+00 0.000000000000000000e+00 0.000000000000000000e+00 0.000000000000000000e+00 0.000000000000000000e+00 1.000000000000000000e+00
-1.041019055992364883e-02 6.264803232625126839e-04 -2.549046417698264122e-03 -1.774426549673080444e-03 1.312536653131246567e-02 3.035523113794624805e-04 9.999129772186279297e-01
-3.672009333968162537e-02 2.226801589131355286e-03 1.580819138325750828e-03 -7.831427268683910370e-03 4.587100073695182800e-02 4.634868353605270386e-03 9.989057183265686035e-01
-6.097855791449546814e-02 7.201055414043366909e-04 1.104786433279514313e-02 -6.153498310595750809e-03 5.522088706493377686e-02 6.085528060793876648e-03 9.984367489814758301e-01
-8.570049703121185303e-02 7.397796143777668476e-04 1.458643563091754913e-02 -4.597717896103858948e-03 5.816705897450447083e-02 6.433142349123954773e-03 9.982760548591613770e-01
-1.152986884117126465e-01 1.264096586965024471e-03 9.870627894997596741e-03 -6.225342862308025360e-03 5.822306871414184570e-02 6.489751394838094711e-03 9.982634186744689941e-01
-1.285346895456314087e-01 1.793404575437307358e-03 9.473123587667942047e-03 -5.375128705054521561e-03 5.800531804561614990e-02 6.235648877918720245e-03 9.982816576957702637e-01
-1.576800644397735596e-01 1.647189958021044731e-03 9.535829536616802216e-03 -9.081104770302772522e-03 8.141025155782699585e-02 5.783219821751117706e-03 9.966226220130920410e-01
-1.788749843835830688e-01 1.810475601814687252e-03 1.728259585797786713e-02 -7.616577204316854477e-03 9.683419764041900635e-02 6.305905524641275406e-03 9.952519536018371582e-01
-1.908292174339294434e-01 -1.589901803527027369e-04 2.395100705325603485e-02 -6.393039948306977749e-04 9.722248464822769165e-02 4.331205040216445923e-03 9.952537417411804199e-01
-2.156005352735519409e-01 1.250703586265444756e-03 3.795063868165016174e-02 3.303406527265906334e-03 1.303387582302093506e-01 -1.498690457083284855e-03 9.914630055427551270e-01
-2.356730252504348755e-01 3.927042707800865173e-03 5.401004478335380554e-02 1.269292668439447880e-03 1.509398967027664185e-01 -2.173704095184803009e-03 9.885403513908386230e-01
-2.534547448158264160e-01 4.226488526910543442e-03 5.026867613196372986e-02 3.831958863884210587e-03 1.245866119861602783e-01 -3.177450736984610558e-03 9.921967983245849609e-01
-2.803966701030731201e-01 2.633654512465000153e-03 4.275881871581077576e-02 7.162870606407523155e-04 1.131623834371566772e-01 -1.694907899945974350e-03 9.935750365257263184e-01
-3.015907108783721924e-01 2.045267960056662560e-03 4.624533280730247498e-02 -7.162755937315523624e-04 1.241076737642288208e-01 3.079413669183850288e-03 9.922639727592468262e-01
-3.211273252964019775e-01 8.013027836568653584e-04 4.495893046259880066e-02 -1.894689397886395454e-03 1.273102760314941406e-01 4.208597354590892792e-03 9.918527603149414062e-01
-3.482233881950378418e-01 -4.801063187187537551e-05 4.421507567167282104e-02 7.053868612274527550e-04 1.316806524991989136e-01 6.231870502233505249e-03 9.912724494934082031e-01
-3.607315719127655029e-01 -5.114796804264187813e-04 4.214964807033538818e-02 4.527606535702943802e-03 1.268236935138702393e-01 4.600022919476032257e-03 9.919046759605407715e-01
-3.803217411041259766e-01 2.343734726309776306e-03 5.750979855656623840e-02 4.878944717347621918e-03 1.469771116971969604e-01 5.477159866131842136e-04 9.891283512115478516e-01
-4.074958264827728271e-01 4.888900555670261383e-03 7.455036044120788574e-02 6.857716478407382965e-03 1.665541827678680420e-01 2.369272842770442367e-04 9.860090613365173340e-01
-4.308151602745056152e-01 2.985036233440041542e-03 6.969591975212097168e-02 3.504440537653863430e-04 1.707930266857147217e-01 1.284417347051203251e-03 9.853065013885498047e-01
-4.555982947349548340e-01 4.196445515844970942e-04 8.549208939075469971e-02 -1.857325434684753418e-03 1.898751407861709595e-01 3.296075155958533287e-03 9.818014502525329590e-01
-4.863306879997253418e-01 -1.225320273078978062e-03 1.166091933846473694e-01 2.852033649105578661e-04 2.143562734127044678e-01 5.069678183645009995e-03 9.767423272132873535e-01
-5.158882141113281250e-01 -4.658024758100509644e-03 1.152134910225868225e-01 -2.006652532145380974e-03 2.143395394086837769e-01 4.488889593631029129e-03 9.767470955848693848e-01
-5.448824763298034668e-01 -3.864879952743649483e-03 1.212296485900878906e-01 -1.858985342551022768e-04 2.241421192884445190e-01 4.351166076958179474e-03 9.745469689369201660e-01
-5.733780860900878906e-01 -3.153386758640408516e-03 1.703051775693893433e-01 2.584227826446294785e-03 2.573546469211578369e-01 3.881008829921483994e-03 9.663060903549194336e-01
-6.059932112693786621e-01 -3.291937289759516716e-03 1.793211549520492554e-01 9.005408501252532005e-04 2.647340893745422363e-01 2.344525186344981194e-03 9.643186926841735840e-01
-6.241512894630432129e-01 -1.849419553764164448e-03 2.215899229049682617e-01 5.169260548427700996e-04 2.932529151439666748e-01 1.957962987944483757e-03 9.560325741767883301e-01
-6.441290974617004395e-01 3.275001654401421547e-05 2.601449191570281982e-01 9.906900813803076744e-04 3.169525265693664551e-01 2.393814967945218086e-03 9.484379887580871582e-01
-6.598001122474670410e-01 -1.151896867668256164e-06 2.758071422576904297e-01 -5.353515734896063805e-04 3.332628905773162842e-01 2.422270597890019417e-03 9.428309798240661621e-01
-6.720603704452514648e-01 -2.494736399967223406e-04 3.082277774810791016e-01 1.901215546240564436e-05 3.586225807666778564e-01 2.232544124126434326e-03 9.334805011749267578e-01
-7.007697224617004395e-01 -2.215568529209122062e-04 3.350156545639038086e-01 9.306751890107989311e-04 3.713584542274475098e-01 3.100533038377761841e-03 9.284841418266296387e-01
-7.222972512245178223e-01 7.874893955886363983e-03 3.582908809185028076e-01 -1.956005953252315521e-02 3.850896358489990234e-01 -3.455513215158134699e-04 9.226720333099365234e-01
-7.514771819114685059e-01 5.624181358143687248e-04 3.694408535957336426e-01 -2.068648114800453186e-02 3.896300494670867920e-01 4.234401509165763855e-03 9.207297563552856445e-01
-7.671606540679931641e-01 -2.751211449503898621e-02 4.131809175014495850e-01 1.802006270736455917e-03 4.087638258934020996e-01 1.876255869865417480e-02 9.124458432197570801e-01
-7.875952124595642090e-01 -3.112306073307991028e-02 4.143025875091552734e-01 1.065714471042156219e-02 4.163544774055480957e-01 1.933643035590648651e-02 9.089344739913940430e-01
-8.044229745864868164e-01 -3.070345707237720490e-02 4.327673614025115967e-01 3.471615724265575409e-03 4.249535501003265381e-01 1.997817493975162506e-02 9.049887061119079590e-01
-8.057700991630554199e-01 -3.527043387293815613e-02 4.956864714622497559e-01 1.360494759865105152e-03 4.549506902694702148e-01 2.283188141882419586e-02 8.902229070663452148e-01
-8.273692131042480469e-01 -3.489715605974197388e-02 5.005092024803161621e-01 1.208026544190943241e-03 4.594644606113433838e-01 2.244699932634830475e-02 8.879128694534301758e-01
-8.432028293609619141e-01 -2.813620492815971375e-02 5.115393996238708496e-01 1.126373885199427605e-03 4.671811461448669434e-01 1.937532983720302582e-02 8.839492201805114746e-01
-8.543635606765747070e-01 -2.764755673706531525e-02 5.550425648689270020e-01 1.581776770763099194e-03 4.859396517276763916e-01 1.902639493346214294e-02 8.737841248512268066e-01
-8.798325657844543457e-01 -2.547634020447731018e-02 5.565193295478820801e-01 9.779345709830522537e-04 4.886246323585510254e-01 1.762666366994380951e-02 8.723159432411193848e-01
-8.927231431007385254e-01 -1.318911928683519363e-02 5.780534148216247559e-01 -2.255902858451008797e-03 4.990791976451873779e-01 1.288334187120199203e-02 8.664581179618835449e-01
-8.974750638008117676e-01 -9.791316464543342590e-03 6.267867088317871094e-01 -2.107554581016302109e-03 5.186517238616943359e-01 1.186928991228342056e-02 8.549014329910278320e-01
-9.258114695549011230e-01 -9.582637809216976166e-03 6.228278875350952148e-01 -2.139536896720528603e-03 5.188714265823364258e-01 1.096126064658164978e-02 8.547798395156860352e-01
-9.540400505065917969e-01 -8.531467057764530182e-03 6.206438541412353516e-01 -1.855492009781301022e-03 5.198645591735839844e-01 1.074869278818368912e-02 8.541793823242187500e-01
-9.852797389030456543e-01 -1.211799588054418564e-02 6.357080936431884766e-01 -1.826321240514516830e-04 5.224038362503051758e-01 1.256498321890830994e-02 8.526056408882141113e-01
-1.015186667442321777e+00 -8.584527298808097839e-03 6.340975761413574219e-01 -2.439837669953703880e-03 5.220659375190734863e-01 1.069832593202590942e-02 8.528361916542053223e-01
-1.034930944442749023e+00 -5.134064704179763794e-03 6.491672992706298828e-01 -2.826516050845384598e-03 5.290204286575317383e-01 1.025908254086971283e-02 8.485438823699951172e-01
-1.037596583366394043e+00 -8.430432528257369995e-03 6.997298002243041992e-01 -1.135735306888818741e-03 5.478563308715820312e-01 1.224669441580772400e-02 8.364831209182739258e-01
-1.060823321342468262e+00 -9.167301468551158905e-03 6.937873363494873047e-01 -1.102999085560441017e-03 5.498325824737548828e-01 1.195299066603183746e-02 8.351891636848449707e-01
-1.073216557502746582e+00 -5.160664208233356476e-03 7.174828648567199707e-01 -2.795411041006445885e-03 5.584302544593811035e-01 1.054031774401664734e-02 8.294810056686401367e-01
-1.042324900627136230e+00 -8.837564848363399506e-03 8.119385838508605957e-01 -1.496001263149082661e-03 5.917924642562866211e-01 1.259773038327693939e-02 8.059915900230407715e-01
-1.062922596931457520e+00 -1.127649657428264618e-02 8.179925084114074707e-01 -6.713517359457910061e-04 5.952525734901428223e-01 1.326476968824863434e-02 8.034290075302124023e-01
-1.080096006393432617e+00 -7.889772765338420868e-03 8.333294987678527832e-01 -1.811737078242003918e-03 5.998386144638061523e-01 1.254508364945650101e-02 8.000218272209167480e-01
-1.088974595069885254e+00 -8.594593033194541931e-03 8.759720325469970703e-01 -5.870475433766841888e-04 6.113477349281311035e-01 1.346392650157213211e-02 7.912472486495971680e-01
-1.116746425628662109e+00 -7.691234815865755081e-03 8.735476732254028320e-01 -8.911160402931272984e-04 6.126597523689270020e-01 1.278278511017560959e-02 7.902436256408691406e-01
-1.125970363616943359e+00 -6.777923554182052612e-03 9.003540873527526855e-01 -5.552844959311187267e-04 6.241504549980163574e-01 1.285838987678289413e-02 7.811983227729797363e-01
-1.102697372436523438e+00 -4.925201181322336197e-03 9.639546275138854980e-01 1.467531779780983925e-03 6.474682688713073730e-01 1.300025079399347305e-02 7.619802951812744141e-01
-1.113863468170166016e+00 4.338753933552652597e-04 9.692271947860717773e-01 9.109987295232713223e-04 6.534571647644042969e-01 1.137787476181983948e-02 7.568774819374084473e-01
-1.116756558418273926e+00 -1.917280256748199463e-03 9.955867528915405273e-01 2.178217051550745964e-03 6.635534763336181641e-01 1.207711454480886459e-02 7.480273842811584473e-01
-1.078926205635070801e+00 -7.687190081924200058e-03 1.078376531600952148e+00 3.804970532655715942e-03 6.892664432525634766e-01 1.484140008687973022e-02 7.243463397026062012e-01
-1.104655385017395020e+00 -1.120630931109189987e-02 1.078654885292053223e+00 4.041926003992557526e-03 6.922134757041931152e-01 1.549435779452323914e-02 7.215158343315124512e-01
-1.090435504913330078e+00 -2.429764904081821442e-02 1.134655714035034180e+00 6.768787279725074768e-03 7.084836959838867188e-01 1.953769475221633911e-02 7.054235935211181641e-01
-1.060225486755371094e+00 -2.301428839564323425e-02 1.196323513984680176e+00 8.423449471592903137e-03 7.272714376449584961e-01 1.959228515625000000e-02 6.860191822052001953e-01
-1.088398814201354980e+00 -1.733127608895301819e-02 1.191251516342163086e+00 7.653594948351383209e-03 7.286672592163085938e-01 1.843578554689884186e-02 6.845773458480834961e-01
-1.065545916557312012e+00 -2.053363621234893799e-02 1.244789242744445801e+00 7.663658820092678070e-03 7.452942728996276855e-01 1.924706995487213135e-02 6.664146780967712402e-01
-1.019008159637451172e+00 -2.036330103874206543e-02 1.312509894371032715e+00 9.242934174835681915e-03 7.667437791824340820e-01 1.943635009229183197e-02 6.415942907333374023e-01
-1.048484444618225098e+00 -2.101692371070384979e-02 1.302731037139892578e+00 1.029176451265811920e-02 7.674641609191894531e-01 2.003733068704605103e-02 6.406967043876647949e-01
-1.064344406127929688e+00 -2.202609367668628693e-02 1.316842555999755859e+00 1.017846819013357162e-02 7.712045907974243164e-01 2.045106329023838043e-02 6.361781358718872070e-01
-1.092772006988525391e+00 -1.823435351252555847e-02 1.317023634910583496e+00 9.984409436583518982e-03 7.714897394180297852e-01 2.018174715340137482e-02 6.358429789543151855e-01
-1.118137240409851074e+00 -2.666931971907615662e-02 1.303901910781860352e+00 5.815250799059867859e-03 7.712516784667968750e-01 2.268476597964763641e-02 6.360995769500732422e-01
-1.078476428985595703e+00 -3.280888125300407410e-02 1.360886096954345703e+00 4.138136748224496841e-03 7.880173921585083008e-01 2.411379292607307434e-02 6.151682138442993164e-01
-1.011469483375549316e+00 -3.729045018553733826e-02 1.439724802970886230e+00 5.821011029183864594e-03 8.094723224639892578e-01 2.557303383946418762e-02 5.865738987922668457e-01
-1.026127815246582031e+00 -3.357381001114845276e-02 1.435265064239501953e+00 5.193449556827545166e-03 8.115563392639160156e-01 2.457193844020366669e-02 5.837346911430358887e-01
-1.015982151031494141e+00 -3.346242755651473999e-02 1.458316445350646973e+00 5.325187928974628448e-03 8.188874125480651855e-01 2.447822876274585724e-02 5.734070539474487305e-01
-9.524058103561401367e-01 -3.756595030426979065e-02 1.530187964439392090e+00 6.683412473648786545e-03 8.373053073883056641e-01 2.622489072382450104e-02 5.460667610168457031e-01
-9.837018847465515137e-01 -3.228630498051643372e-02 1.526170134544372559e+00 6.251242477446794510e-03 8.374295234680175781e-01 2.474574744701385498e-02 5.459497570991516113e-01
-9.752855300903320312e-01 -3.040236234664916992e-02 1.554678678512573242e+00 4.625934176146984100e-03 8.442290425300598145e-01 2.433365024626255035e-02 5.354106426239013672e-01
-9.793742299079895020e-01 -3.562127798795700073e-02 1.581665992736816406e+00 5.799561738967895508e-03 8.498185276985168457e-01 2.620949968695640564e-02 5.263924002647399902e-01
-1.012128472328186035e+00 -3.290611878037452698e-02 1.573303222656250000e+00 5.415344610810279846e-03 8.496485948562622070e-01 2.573121339082717896e-02 5.266949534416198730e-01
-1.012447714805603027e+00 -3.130301833152770996e-02 1.596221089363098145e+00 4.830830264836549759e-03 8.550703525543212891e-01 2.541863918304443359e-02 5.178671479225158691e-01
-1.011412858963012695e+00 -3.598815947771072388e-02 1.622539401054382324e+00 5.657427012920379639e-03 8.607193827629089355e-01 2.730685472488403320e-02 5.083171129226684570e-01
-1.032877206802368164e+00 -3.755103051662445068e-02 1.613144516944885254e+00 5.851274821907281876e-03 8.616634607315063477e-01 2.752628363668918610e-02 5.066998004913330078e-01
-9.955041408538818359e-01 -3.416952863335609436e-02 1.646905779838562012e+00 6.086030043661594391e-03 8.714693784713745117e-01 2.686171978712081909e-02 4.896774888038635254e-01
-8.570445775985717773e-01 -3.469507023692131042e-02 1.742779970169067383e+00 7.726693991571664810e-03 8.952205181121826172e-01 2.736551314592361450e-02 4.447169899940490723e-01
-8.414879441261291504e-01 -3.306442499160766602e-02 1.754457950592041016e+00 8.404488675296306610e-03 9.006817936897277832e-01 2.708251215517520905e-02 4.335544407367706299e-01
-8.494854569435119629e-01 -2.794933505356311798e-02 1.758478045463562012e+00 7.294982671737670898e-03 9.026917815208435059e-01 2.578795142471790314e-02 4.294543862342834473e-01
-8.478235006332397461e-01 -2.986412495374679565e-02 1.778297185897827148e+00 7.472349796444177628e-03 9.062614440917968750e-01 2.680837921798229218e-02 4.218025803565979004e-01
-8.606677055358886719e-01 -2.463943511247634888e-02 1.774724721908569336e+00 7.902412675321102142e-03 9.063472151756286621e-01 2.565332129597663879e-02 4.216822385787963867e-01
